3928401723,
5827391048,
9374628105,
1048573926,
9283746102,
1827364590,
3748291056,
6059384712,
7482910365,
1938475620,
8372619405,
6204839172,
3847261905,
9182736450,
7361928405,
1049382756,
9482751036,
2738491057,
6271938401,
9384710526,
1928374650,
7648293015,
2847193056,
6372910485,
8472910362,
9183647520,
2837465910,
8291047365,
5048372910,
6283749102,
3928475610,
4759102836,
7462910385,
2938475106,
8147293056,
3819472056,
8273645910,
6283910475,
9382714056,
2039485716,
3829471056,
6273910482,
1829475306,
6391048275,
8372910456,
1938470526,
9283741056,
9273610485,
3849102736,
6203849175,
8491027365,
2039481657,
9384721056,
1829374065,
7362910845,
6182739405,
9283741650,
1938472065,
9381047256,
2849103765,
9273610548,
3847201938,
7362810495,
3829471650,
1829374056,
9384721650,
9384716205,
8291047361,
7263910845,
7362914085,
1829371046,
8372019465,
2738401926,
9374102856,
4839102756,
9283741560,
9273610480,
1847293056,
9283471052,
7281930456,
9384721035,
1049382716,
1928374065,
2839471056,
7392104856,
8472910360,
1829473056,
7362810490,
9384721654,
6273910845,
7392014856,
8291037465,
9384721050,
9283741658,
2039485710,
9283741506,
9384721065,
1049382710,
8273645109,
2738491050